Visitas = 8 
Distancia = 122.0
Dist total= [58.0, 33.00000000000001, 31.0]
Tempo total= [135.0, 110.0, 110.0]

3,11,1,10,2,1
10,12,2,6,4,1
4,12,1,16,3,1
5,3,1,26,4,1
9,12,1,3,1,1
11,9,1,6,1,1
12,4,1,16,4,1
12,5,1,11,1,1

2,10,2,27,3,1
12,2,2,28,2,1

1,7,3,0,3,1
1,8,3,15,4,1
6,12,3,16,3,1
7,6,3,16,2,1
8,12,3,15,2,1
----------
==========
Finished in 1m 47s

Visitas = 8 
Distancia = 100.0
Dist total= [26.0, 37.0, 37.0]
Tempo total= [110.0, 110.0, 110.0]
Maximum e minimum:0.0 , 480.0
1,3,1,15,4,1
1,10,1,6,3,1
3,4,1,1,4,1
4,12,1,16,2,1
9,12,1,3,3,1
10,9,1,9,1,1

1,7,2,0,3,1
2,5,2,22,1,1
5,11,2,15,2,1
7,12,2,0,4,1
11,12,2,6,1,1
12,2,2,28,2,1

6,12,3,16,4,1
8,6,3,21,2,1
12,8,3,15,4,1
----------
==========
Finished in 3m 49s

Visitas = 7 
Distancia = 58.0
Dist total= [35.0, 8.0, 15.0]
Tempo total= [90.0, 90.0, 90.0]
Maximum e minimum:0.0 , 480.0
1,10,1,6,2,1
3,9,1,14,4,1
7,12,1,13,1,1
9,12,1,9,1,1
10,7,1,8,3,1
12,3,1,7,1,1
5,8,2,8,3,1
8,12,2,0,4,1
12,5,2,8,1,1
1,2,3,4,1,1
2,12,3,4,4,1
4,6,3,11,2,1
6,12,3,7,2,1
12,4,3,3,3,1
=========
Balanced, 1 e 12 corrigidos
Visitas = 7 
Distancia = 48.0
Dist total= [23.0, 8.0, 17.0]
Tempo total= [103.0, 103.0, 103.0]
Maximum e minimum:0.0 , 480.0
1,3,1,7,1,1
3,9,1,14,4,1
8,12,1,0,2,1
9,8,1,9,3,1

1,5,2,8,1,1
1,11,2,0,3,1
5,7,2,8,3,1
7,12,2,13,1,1
11,12,2,0,2,1

1,4,3,3,3,1
1,10,3,6,2,1
4,6,3,11,2,1
6,12,3,7,4,1
10,12,3,6,3,1
Finished in 1m 10s

==========
Balanced, 1 e 12 corrigidos - para analisar coordenadas
Visitas = 8 
Distancia = 109.0
Dist total= [34.0, 49.0, 26.0]
Tempo total= [105.0, 105.0, 105.0]
Maximum e minimum:0.0 , 480.0
1,3,1,5,3,1
1,4,1,0,4,1
3,9,1,6,2,1
4,12,1,0,1,1
8,12,1,27,3,1
9,11,1,16,1,1
11,8,1,12,3,1

1,6,2,16,2,1
1,7,2,20,4,1
2,12,2,18,2,1
6,12,2,16,4,1
7,2,2,33,2,1

1,10,3,26,1,1
5,12,3,0,3,1
10,5,3,26,1,1
----------
==========
Finished in 3m 10s
